0 2019 1954 1897 951 2135 2142 780 1449 1584 
2019 0 545 1929 1575 1017 622 1206 1538 2398
1954 545 0 1688 1338 557 2036 1918 1661 1617
1897 1929 1688 0 780 893 753 582 1035 1414
951 1575 1338 780 0 1061 1441 654 1744 1346
2135 1017 557 893 1061 0 654 1606 2212 889
2142 622 2036 753 1441 654 0 1233 2162 615
780 1206 1918 582 654 1606 1233 0 1482 515
1449 1538 1661 1035 1744 2212 2162 1482 0 2046
1584 2398 1617 1414 1346 889 615 515 2046 0