0 2358 785 2025 1183 2267 2297 1053 2452 1389 1515
2358 0 1393 996 677 945 735 1433 563 1719 1399
785 1393 0 513 2115 1762 831 1853 2434 593 511
2025 996 513 0 1159 877 1297 2229 2212 1086 1882
1183 677 2115 1159 0 1877 2493 1335 1746 1642 687
2267 945 1762 877 1877 0 658 758 2435 2186 1639
2297 735 831 1297 2493 658 0 1244 1838 1839 985
1053 1433 1853 2229 1335 758 1244 0 1951 1396 1520
2452 563 2434 2212 1746 2435 1838 1951 0 646 2450
1389 1719 593 1086 1642 2186 1839 1396 646 0 1345
1515 1399 511 1882 687 1639 985 1520 2450 1345 0